19 19
3; 1; 3 1; 1; 3 1; 1; 3 1; 1; 3 1; 1; 3 1; 1; 3 1; 1; 3 1; 1; 3 1; 1; 1
1; 1; 1 3 ; 1; 1 3; 1; 1 3; 1; 1 3; 1; 1 3; 1; 1 3; 1; 1 3; 1; 1 3; 1; 3
3333333333333333333
3333333333333333333
3333333333333333333
3333333333333333333
3333333333333333333
3333333333333333333
3333333333333333333
3333333333333333333
3333333333333333333
3333333333333333333
3333333333333333333
3333333333333333333
3333333333333333333
3333333333333333333
3333333333333333333
3333333333333333333
3333333333333333333
3333333333333333333
3333333333333333333
