25 25
5 5 2 6; 6 5 2 4; 1 13 3; 9 3 6; 3 2 10; 1 1 9; 2 2 1; 4 3 1; 4 1 1 3 4; 4 5 4; 5 5 1 1; 4 4; 5 5 1 1 1; 3 1 1 1 1; 5 3 1 4 3; 2 1 5 5 2; 7 1 4 2; 1 4 2 3 2 3; 3 3 3 4; 3 2 3 4 4; 3 1 4 1; 3 6 2 1; 2 5 1; 2 7 1 2; 3 1 1 3
3 3 1 4 6; 2 3 6 1 6; 2 8 3 1; 4 1 6 1 2; 4 4 6; 5 2 5; 3 2 3; 3 5 1 2; 4 4 6 1 1; 5 5 10; 5 8 6; 4 3 1 4; 3 11; 1 1 1 3 3; 4 3; 5 4 1; 3 3 1 1; 6 3 1 1; 3 2 3; 1 3 4 1; 1 3 1 4 1; 2 3 2 3; 6 2 3 2; 8 7; 6 8
3333333333333333333333333
3333333333333333333333333
3333333333333333333333333
3333333333333333333333333
3333333333333333333333333
3333333333333333333333333
3333333333333333333333333
3333333333333333333333333
3333333333333333333333333
3333333333333333333333333
3333333333333333333333333
3333333333333333333333333
3333333333333333333333333
3333333333333333333333333
3333333333333333333333333
3333333333333333333333333
3333333333333333333333333
3333333333333333333333333
3333333333333333333333333
3333333333333333333333333
3333333333333333333333333
3333333333333333333333333
3333333333333333333333333
3333333333333333333333333
3333333333333333333333333
